1,0
11,1
25,2
32,3
46,4
52,5
60,6
73,7
95,8
103,9
118,10
128,11
140,12
153,13
163,14
180,15
188,16
197,17
206,18
218,19
243,20
271,21
290,22
296,23
306,24
316,25
323,26
331,27
345,28
358,29
365,30
380,31
386,32
399,33
407,34
414,35
426,36
439,37
449,38
458,39
469,40
479,41
504,42
521,43
539,44
551,45
568,46
584,47
597,48
608,49
617,50
629,51
651,52
658,53
669,54
675,55
687,56
702,57
718,58
733,59
744,60
753,61
762,62
767,63
781,64
797,65
805,66
817,67
825,68
840,69
845,70
862,71
875,72
890,73
896,74
913,75
929,76
941,77
956,78
962,79
972,80
984,81
994,82
1005,83
1020,84
1035,85
1048,86
1065,87
1074,88
1085,89
1096,90
1104,91
1112,92
1124,93
1129,94
1145,95
1153,96
1159,97
1178,98
1212,99
1225,100
1234,101
1247,102
1256,103
1271,104
1283,105
1306,106
1312,107
1321,108
1337,109
1342,110
1357,111
1366,112
1374,113
1383,114
1389,115
1405,116
1420,117
1436,118
1443,119
1452,120
1458,121
1470,122
1480,123
1487,124
1496,125
1501,126
1517,127
1535,128
1551,129
1560,130
1577,131
1596,132
1613,133
1626,134
1640,135
1665,136
1671,137
1685,138
1697,139
1718,140
1728,141
1743,142
1768,143
1784,144
1804,145
1830,146
1849,147
1857,148
1863,149
1879,150
1891,151
1909,152
1922,153
1930,154
1942,155
1962,156
1971,157
1990,158
2000,159
2026,160
2035,161
2044,162
2055,163
2064,164
2078,165
2085,166
2094,167
2113,168
2119,169
2124,170
2134,171
2140,172
2155,173
2168,174
2173,175
2185,176
2200,177
2208,178
2219,179
2231,180
2251,181
2263,182
2272,183
2284,184
2292,185
2302,186
2318,187
2328,188
2341,189
2346,190
2351,191
2370,192
2380,193
2393,194
2411,195
2424,196
2429,197
2436,198
2454,199
2463,200
2471,201
2488,202
2498,203
2516,204
2543,205
2554,206
2577,207
2587,208
2606,209
2617,210
2626,211
2636,212
2650,213
2662,214
2679,215
2691,216
2705,217
2728,218
2746,219
2753,220
2769,221
2782,222
2793,223
2807,224
2821,225
2836,226
2851,227
2860,228
2873,229
2888,230
2900,231
2912,232
2921,233
2934,234
2950,235
2961,236
2970,237
2975,238
2984,239
2998,240
3008,241
3025,242
3036,243
3044,244
3055,245
3072,246
3079,247
3087,248
3098,249
3109,250
3145,251
3165,252
3179,253
3191,254
3200,255
3215,256
3231,257
3237,258
3248,259
3259,260
3276,261
3282,262
3302,263
3323,264
3351,265
3367,266
3378,267
3400,268
3406,269
3415,270
3435,271
3446,272
3462,273
3473,274
3490,275
3497,276
3504,277
3518,278
3524,279
3534,280
3544,281
3564,282
3573,283
3586,284
3596,285
3608,286
3620,287
3628,288
3638,289
3646,290
3666,291
3690,292
3706,293
3725,294
3737,295
3746,296
3761,297
3777,298
3785,299
3801,300
3811,301
3818,302
3825,303
3835,304
3847,305
3856,306
3865,307
3878,308
3886,309
3893,310
3901,311
3915,312
3921,313
3933,314
3954,315
3963,316
3974,317
3988,318
3996,319
4002,320
4007,321
4017,322
4034,323
4042,324
4050,325
4064,326
4084,327
4105,328
4117,329
4125,330
4141,331
4160,332
4165,333
4172,334
4187,335
4200,336
4215,337
4225,338
4239,339
4246,340
4253,341
4264,342
4286,343
4306,344
4313,345
4329,346
4338,347
4357,348
4365,349
4382,350
4403,351
4415,352
4432,353
4457,354
4462,355
4481,356
4496,357
4506,358
4517,359
4523,360
4541,361
4553,362
4566,363
4577,364
4594,365
4607,366
4618,367
4626,368
4644,369
4659,370
4669,371
4691,372
4708,373
4722,374
4742,375
4760,376
4778,377
4798,378
4803,379
4811,380
4835,381
4847,382
4859,383
4871,384
4899,385
4916,386
4926,387
4937,388
4955,389
4981,390
5000,391
5018,392
5028,393
5053,394
5084,395
5091,396
5095,397
5105,398
5111,399
5120,400
5134,401
5144,402
5156,403
5171,404
5184,405
5193,406
5212,407
5226,408
5240,409
5259,410
5264,411
5281,412
5301,413
5323,414
5334,415
5351,416
5361,417
5371,418
5395,419
5402,420
5416,421
5453,422
5473,423
5488,424
5511,425
5521,426
5527,427
5556,428
5564,429
5576,430
5582,431
5600,432
5619,433
5630,434
5635,435
5651,436
5662,437
5670,438
5684,439
5693,440
5711,441
5727,442
5743,443
5766,444
5776,445
5794,446
5817,447
5823,448
5844,449
5858,450
5865,451
5882,452
5887,453
5899,454
5914,455
5928,456
5938,457
5947,458
5959,459
5973,460
5994,461
6005,462
6012,463
6023,464
6037,465
6044,466
6062,467
6072,468
6085,469
6091,470
6097,471
6108,472
6122,473
6134,474
6148,475
6161,476
6170,477
6181,478
6188,479
6196,480
6211,481
6222,482
6229,483
6243,484
6248,485
6274,486
6280,487
6288,488
6298,489
6305,490
6319,491
6327,492
6337,493
6343,494
6351,495
6358,496
6367,497
6376,498
6383,499
6394,500
6421,501
6431,502
6443,503
6453,504
6475,505
6484,506
6493,507
6513,508
6533,509
6541,510
6560,511
6574,512
6583,513
6598,514
6620,515
6631,516
6649,517
6655,518
6669,519
6683,520
6687,521
6695,522
6711,523
6725,524
6742,525
6758,526
6771,527
6777,528
6790,529
6798,530
6815,531
6821,532
6830,533
6840,534
6854,535
6871,536
6880,537
6912,538
6926,539
6954,540
6970,541
6980,542
6992,543
7017,544
7031,545
7050,546
7066,547
7078,548
7095,549
7119,550
7130,551
7148,552
7160,553
7172,554
7179,555
7206,556
7221,557
7237,558
7251,559
7269,560
7281,561
7289,562
7302,563
7318,564
7327,565
7339,566
7348,567
7366,568
7379,569
7418,570
7434,571
7469,572
7481,573
7506,574
7521,575
7544,576
7553,577
7563,578
7568,579
7580,580
7598,581
7617,582
7638,583
7652,584
7665,585
7672,586
7682,587
7693,588
7700,589
7713,590
7722,591
7735,592
7744,593
7768,594
7782,595
7801,596
7819,597
7828,598
7836,599
7846,600
7857,601
7863,602
7868,603
7879,604
7889,605
7897,606
7908,607
7923,608
7947,609
7955,610
7969,611
7973,612
7981,613
7988,614
7998,615
8013,616
8027,617
8044,618
8057,619
8063,620
8082,621
8088,622
8102,623
8118,624
8135,625
8143,626
8165,627
8183,628
8202,629
8217,630
8233,631
8244,632
8261,633
8285,634
8294,635
8313,636
8321,637
8336,638
8346,639
8364,640
8381,641
8396,642
8407,643
8428,644
8449,645
8465,646
8486,647
8503,648
8517,649
8526,650
8548,651
8561,652
8574,653
8596,654
8603,655
8616,656
8624,657
8643,658
8648,659
8657,660
8676,661
8693,662
8713,663
8725,664
8737,665
8755,666
8769,667
8793,668
8807,669
8823,670
8835,671
8852,672
8857,673
8871,674
8880,675
8898,676
8908,677
8925,678
8931,679
8938,680
8956,681
8968,682
8992,683
9005,684
9016,685
9022,686
9044,687
9054,688
9060,689
9070,690
9088,691
9096,692
9104,693
9118,694
9135,695
9141,696
9155,697
9168,698
9179,699
9192,700
9200,701
9215,702
9235,703
9257,704
9263,705
9282,706
9289,707
9313,708
9330,709
9344,710
9355,711
9368,712
9381,713
9408,714
9431,715
9448,716
9460,717
9475,718
9483,719
9489,720
9499,721
9512,722
9522,723
9529,724
9537,725
9546,726
9560,727
9575,728
9588,729
9597,730
9603,731
9613,732
9624,733
9652,734
9664,735
9681,736
9695,737
9704,738
9709,739
9722,740
9734,741
9746,742
9762,743
9793,744
9800,745
9817,746
9822,747
9834,748
9845,749
9861,750
9866,751
9879,752
9911,753
9920,754
9932,755
9943,756
9947,757
9954,758
9958,759
9983,760
9988,761
10006,762
10019,763
10027,764
10034,765
10053,766
10064,767
10074,768
10085,769
10103,770
10113,771
10128,772
10133,773
10144,774
10155,775
10168,776
10177,777
10190,778
10206,779
10221,780
10231,781
10237,782
10242,783
10258,784
10277,785
10301,786
10309,787
10318,788
10329,789
10340,790
10349,791
10360,792
10373,793
10391,794
10400,795
10418,796
10425,797
10433,798
10451,799
10458,800
10463,801
10483,802
10492,803
10506,804
10518,805
10530,806
10551,807
10558,808
10568,809
10582,810
10588,811
10604,812
10615,813
10623,814
10633,815
10648,816
10653,817
10664,818
10670,819
10678,820
10689,821
10698,822
10705,823
10721,824
10743,825
10756,826
10778,827
10786,828
10793,829
10798,830
10809,831
10816,832
10823,833
10831,834
10838,835
10844,836
10857,837
10868,838
10876,839
10886,840
10890,841
10901,842
10907,843
10913,844
10919,845
10925,846
10930,847
10942,848
10947,849
10957,850
10971,851
10979,852
10986,853
10998,854
11008,855
11017,856
11031,857
11039,858
11047,859
11056,860
11061,861
11067,862
11076,863
11081,864
11086,865
11097,866
11102,867
11113,868
11118,869
11132,870
11140,871
11150,872
11157,873
11167,874
11178,875
11186,876
11198,877
11203,878
11210,879
11219,880
11231,881
11242,882
11248,883
11263,884
11275,885
11285,886
11295,887
11309,888
11318,889
11324,890
11330,891
11334,892
11339,893
11344,894
11349,895
11354,896
11358,897
11363,898
11368,899
11376,900
11382,901
11387,902
11392,903
11398,904
11406,905
11412,906
11419,907
11424,908
11431,909
11435,910
11442,911
11451,912
11455,913
11460,914
11467,915
11474,916
11483,917
11490,918
11494,919
11500,920
11506,921
11514,922
11519,923
11524,924
11530,925
11535,926
11540,927
11547,928
11551,929
11560,930
11565,931
11572,932
11577,933
11582,934
11589,935
11594,936
11601,937
11605,938
11614,939
11620,940
11626,941
11631,942
11638,943
11643,944
11647,945
11652,946
11662,947
11672,948
11679,949
11686,950
11691,951
11697,952
11702,953
11708,954
11713,955
11723,956
11729,957
11737,958
11741,959
11746,960
11751,961
11755,962
11762,963
11767,964
11772,965
11778,966
11783,967
11787,968
11791,969
11799,970
11803,971
11808,972
11813,973
11819,974
11824,975
11828,976
11836,977
11840,978
11847,979
11851,980
11855,981
11859,982
11863,983
11871,984
11876,985
11881,986
11887,987
11891,988
11895,989
11901,990
11905,991
11911,992
11915,993
11919,994
11924,995
11929,996
11933,997
11938,998
11944,999
11948,1000
11952,1001
11956,1002
11961,1003
11966,1004
11971,1005
11978,1006
11982,1007
11986,1008
11991,1009
11996,1010
12001,1011
12005,1012
12009,1013
12015,1014
12019,1015
12024,1016
12035,1017
12039,1018
12043,1019
12047,1020
12055,1021
12059,1022
12064,1023
12068,1024
12074,1025
12078,1026
12082,1027
12087,1028
12092,1029
12096,1030
12100,1031
12104,1032
12109,1033
12114,1034
12118,1035
12124,1036
12129,1037
12136,1038
12142,1039
12146,1040
12150,1041
12156,1042
12160,1043
12165,1044
12170,1045
12175,1046
12179,1047
12183,1048
12187,1049
12194,1050
12198,1051
12202,1052
12206,1053
12212,1054
12218,1055
12223,1056
12227,1057
12231,1058
12237,1059
12241,1060
12249,1061
12253,1062
12257,1063
12263,1064
12267,1065
12273,1066
12277,1067
12282,1068
12286,1069
12290,1070
12294,1071
12298,1072
12303,1073
12307,1074
12311,1075
12315,1076
12320,1077
12325,1078
12329,1079
12333,1080
12337,1081
12341,1082
12347,1083
12352,1084
12358,1085
12362,1086
12369,1087
12373,1088
12378,1089
12382,1090
12386,1091
12390,1092
12394,1093
12399,1094
12405,1095
12409,1096
12413,1097
12419,1098
12425,1099
12429,1100
12434,1101
12440,1102
12444,1103
12449,1104
12455,1105
12460,1106
12464,1107
12471,1108
12475,1109
12480,1110
12484,1111
12490,1112
12495,1113
12501,1114
12505,1115
12509,1116
12513,1117
12518,1118
12522,1119
12532,1120
12536,1121
12545,1122
12550,1123
12555,1124
12562,1125
12566,1126
12571,1127
12577,1128
12581,1129
12586,1130
12593,1131
12600,1132
12604,1133
12610,1134
12614,1135
12618,1136
12623,1137
12630,1138
12635,1139
12642,1140
12646,1141
12651,1142
12659,1143
12674,1144
12681,1145
12688,1146
12696,1147
12708,1148